# time, original, CbCP sampling, Nyquist
-5.000000000000000000e-01 -4.439348638216786824e-01 -5.296136579923962362e-01 -4.028445060909941478e-01
-4.899999999999999911e-01 -4.704082800307021750e-01 -5.774598147025877815e-01 -4.274293989941436722e-01
-4.799999999999999822e-01 -4.775378779126876472e-01 -6.078649439155018319e-01 -4.355032608287347506e-01
-4.699999999999999734e-01 -4.626786245709189060e-01 -6.165839163632786946e-01 -4.245164261307977083e-01
-4.600000000000000200e-01 -4.247475858853622110e-01 -6.008341839124120565e-01 -3.932363845896654220e-01
-4.500000000000000111e-01 -3.644831008281715357e-01 -5.596735237432362009e-01 -3.420112389475941650e-01
-4.400000000000000022e-01 -2.845415714414398778e-01 -4.942120608897775935e-01 -2.728944753356664643e-01
-4.299999999999999933e-01 -1.894116053602593885e-01 -4.076306038614928018e-01 -1.896084803060942847e-01
-4.199999999999999845e-01 -8.514292187546088075e-02 -3.049960826986469753e-01 -9.733970797559554633e-02
-4.100000000000000311e-01 2.109392919735314856e-02 -1.928850068515488569e-01 -2.375264902043911549e-03
-4.000000000000000222e-01 1.215832409298912425e-01 -7.884537199250529760e-02 8.839701447315999328e-02
-3.900000000000000133e-01 2.087263801243875727e-01 2.925561818322486296e-02 1.680620845132242969e-01
-3.800000000000000044e-01 2.757309936381926452e-01 1.239380193256102158e-01 2.303171423922604211e-01
-3.699999999999999956e-01 3.172623525341960460e-01 1.988028165150484416e-01 2.700740348472598917e-01
-3.599999999999999867e-01 3.299929154596757952e-01 2.491452543227567484e-01 2.839871969558342979e-01
-3.499999999999999778e-01 3.129933770319482389e-01 2.724263354959894357e-01 2.708483676124232575e-01
-3.399999999999999689e-01 2.679213940726807297e-01 2.685531829837278228e-01 2.318040353479537963e-01
-3.299999999999999600e-01 1.989817560864250434e-01 2.399362000245444659e-01 1.703666387157726225e-01
-3.200000000000000067e-01 1.126524131114580024e-01 1.913116670709005818e-01 9.220895176146712280e-02
-3.099999999999999978e-01 1.719258809616168449e-02 1.293406326751667113e-01 4.658710438079097238e-03
-2.999999999999999889e-01 -7.802987710999836901e-02 6.201656434462038403e-02 -8.360387315568554301e-02
-2.900000000000000355e-01 -1.633367795242989529e-01 -2.066868509789987485e-03 -1.635578763888194120e-01
-2.800000000000000266e-01 -2.295949268864464210e-01 -5.452216352063946059e-02 -2.265419888781468605e-01
-2.700000000000000178e-01 -2.690528585000939166e-01 -8.797445176790730237e-02 -2.650476788120801341e-01
-2.600000000000000089e-01 -2.760827410481510036e-01 -9.679255760663979524e-02 -2.734406572881956099e-01
-2.500000000000000000e-01 -2.477579016151719715e-01 -7.767482007116302545e-02 -2.485430327605363532e-01
-2.399999999999999911e-01 -1.842096578393885575e-01 -3.003219202439971758e-02 -1.900192264011006937e-01
-2.299999999999999822e-01 -8.872575519676072220e-02 4.387093096161343020e-02 -1.005249106164011752e-01
-2.199999999999999734e-01 3.242481340268381362e-02 1.390358075895911094e-01 1.450245883758358167e-02
-2.100000000000000200e-01 1.704315673658239050e-01 2.481022028388514267e-01 1.468921223740018989e-01
-2.000000000000000111e-01 3.146139890269171735e-01 3.619452873061380083e-01 2.866505042589866381e-01
-1.900000000000000022e-01 4.532705383730047388e-01 4.704458429727743640e-01 4.226387030705056613e-01
-1.799999999999999933e-01 5.746344589927098179e-01 5.633664983032984352e-01 5.434711249675190370e-01
-1.699999999999999845e-01 6.678551224583388901e-01 6.312562585514553959e-01 6.384585297466350839e-01
-1.599999999999999756e-01 7.239203623948669009e-01 6.663022376878906528e-01 6.985147456701730206e-01
-1.499999999999999667e-01 7.364394998939909343e-01 6.630515920909887395e-01 7.169482503653770156e-01
-1.400000000000000133e-01 7.022182281605471310e-01 6.189378596589898418e-01 6.900688262214601520e-01
-1.300000000000000044e-01 6.215742101282265564e-01 5.345632091746056469e-01 6.168820468128835000e-01
-1.199999999999999956e-01 4.983645762728037276e-01 4.137099167478174300e-01 5.012821997575670485e-01
-1.099999999999999867e-01 3.397214873975341609e-01 2.630786963234091891e-01 3.497516757735494308e-01
-9.999999999999997780e-02 1.555172985031300081e-01 9.177607065031645472e-02 1.715663163792663370e-01
-8.999999999999996891e-02 -4.239566367231474564e-02 -8.940449527275773356e-02 -2.190397317995812498e-02
-8.000000000000001554e-02 -2.411062303020379272e-01 -2.688445471580113155e-01 -2.180668360862765554e-01
-7.000000000000000666e-02 -4.276482372705409096e-01 -4.350299032224158591e-01 -4.040781058448921215e-01
-5.999999999999999778e-02 -5.900021593228625960e-01 -5.774657736319273038e-01 -5.678299403222950570e-01
-4.999999999999998890e-02 -7.180104072445050445e-01 -6.874980626669112693e-01 -6.988737751859622760e-01
-3.999999999999998002e-02 -8.041303964199346677e-01 -7.589702036530135976e-01 -7.885202148125994848e-01
-2.999999999999997113e-02 -8.439643587951045633e-01 -7.886602725459830321e-01 -8.325407749019815284e-01
-2.000000000000001776e-02 -8.365249681089790279e-01 -7.764634239023282536e-01 -8.293558529849354155e-01
-1.000000000000000888e-02 -7.842193159761352561e-01 -7.253079744475662283e-01 -7.807601648733801802e-01
0.000000000000000000e+00 -6.925584584986881342e-01 -6.408175403831661843e-01 -6.916942630422098226e-01
1.000000000000000888e-02 -5.696234051885818994e-01 -5.307542730148340215e-01 -5.697697535775692046e-01
2.000000000000001776e-02 -4.253389200320384922e-01 -4.042973460197126778e-01 -4.245937854731842709e-01
3.000000000000002665e-02 -2.706220409922198145e-01 -2.712246906938380886e-01 -2.669546599914420781e-01
4.000000000000003553e-02 -1.164814728658621346e-01 -1.410733298155013582e-01 -1.079408908996623562e-01
5.000000000000004441e-02 2.685375787446917309e-02 -2.235392801009244979e-02 4.203110913311473851e-02
6.000000000000005329e-02 1.507028463823246456e-01 7.811156568425631219e-02 1.736903552262903938e-01
7.000000000000006217e-02 2.485367529160597555e-01 1.556733192792695286e-01 2.798700143710066701e-01
7.999999999999996003e-02 3.163712019438352230e-01 2.081201566033658024e-01 3.558538748410227659e-01
8.999999999999996891e-02 3.529239032475174898e-01 2.357124518931430490e-01 3.995981847891467154e-01
9.999999999999997780e-02 3.595327666406794020e-01 2.409868378970673741e-01 4.117184509382627589e-01
1.099999999999999867e-01 3.398534995596182440e-01 2.283594067146230699e-01 3.952531813325567689e-01
1.199999999999999956e-01 2.993742053401917680e-01 2.035722833511099394e-01 3.552359612326219107e-01
1.300000000000000044e-01 2.447997070653084861e-01 1.730419485609024366e-01 2.981231344777672820e-01
1.400000000000000133e-01 1.833680043366224810e-01 1.431752749453024109e-01 2.308494617771135460e-01
1.500000000000000222e-01 1.221647709209655319e-01 1.197203024699267093e-01 1.610390123641284588e-01
1.600000000000000311e-01 6.749897080095348945e-02 1.072133420236566215e-01 9.546728424032588367e-02
1.700000000000000400e-01 2.439397029601471020e-02 1.085727147480846089e-01 3.979884023029572893e-02
1.800000000000000488e-01 -3.765029661534022038e-03 1.248735260534757363e-01 -1.820537492966095572e-03
1.900000000000000577e-01 -1.540336394297028670e-02 1.553189851970171453e-01 -2.700158074976968803e-02
2.000000000000000666e-01 -1.074378553879038432e-02 1.974038290656253136e-01 -3.516767997929316769e-02
2.099999999999999645e-01 8.379075332706181767e-03 2.472463823681835260e-01 -2.743598928892882621e-02
2.199999999999999734e-01 3.884728572502308547e-02 3.000495538698617071e-01 -6.346667330605742716e-03
2.299999999999999822e-01 7.668908910407915003e-02 3.506391927698871980e-01 2.452721278701528243e-02
2.399999999999999911e-01 1.175591653878581416e-01 3.940218179573393154e-01 6.102092447750714216e-02
2.500000000000000000e-01 1.572169544069065283e-01 4.259033320758511820e-01 9.886436861550643163e-02
2.600000000000000089e-01 1.919532301299889387e-01 4.431158795823797458e-01 1.341192133650624119e-01
2.700000000000000178e-01 2.189230554381713656e-01 4.439108445783896961e-01 1.635451295717224585e-01
2.800000000000000266e-01 2.363552642396185566e-01 4.280909270926275823e-01 1.848573360450243563e-01
2.900000000000000355e-01 2.436233501733277573e-01 3.969717019612201692e-01 1.968552804618519669e-01
3.000000000000000444e-01 2.411784784296050754e-01 3.531812307444397447e-01 1.994172149745976896e-01
3.100000000000000533e-01 2.303605854434644107e-01 3.003232899155056645e-01 1.933703676092750068e-01
3.200000000000000622e-01 2.131165880544504676e-01 2.425438604615813842e-01 1.800706230263255936e-01
3.300000000000000711e-01 1.916642420221764676e-01 1.840502692785879191e-01 1.616937661680190597e-01
3.399999999999999689e-01 1.681452136588456603e-01 1.286368096474656553e-01 1.403153178287790404e-01
3.499999999999999778e-01 1.443109880986887250e-01 7.926937521789975682e-02 1.177848312885178411e-01
3.599999999999999867e-01 1.212803942725111661e-01 3.777478843417139687e-02 9.546403740651943082e-02
3.699999999999999956e-01 9.939836112450471661e-02 4.668830561259107448e-03 7.405023681123630575e-02
3.800000000000000044e-01 7.821306952863105177e-02 -2.085827901874764967e-02 5.350597411316969365e-02
3.900000000000000133e-01 5.657431306268197874e-02 -4.079744973889309900e-02 3.310291097429272911e-02
4.000000000000000222e-01 3.284121143893167782e-02 -5.803324964013933940e-02 1.157385980166886555e-02
4.100000000000000311e-01 5.174049582714983046e-03 -7.594508865434446143e-02 -1.264202238311223393e-02
4.200000000000000400e-01 -2.812557661735954131e-02 -9.794121469759886622e-02 -4.111316777969457187e-02
4.300000000000000488e-01 -6.826875185032844906e-02 -1.269775236284410580e-01 -7.508221498228981328e-02
4.400000000000000577e-01 -1.156717021156351971e-01 -1.651155495942699947e-01 -1.151711691588830633e-01
4.500000000000000666e-01 -1.697279385391249895e-01 -2.131706028592540436e-01 -1.611431957055070863e-01
4.599999999999999645e-01 -2.286934381182474108e-01 -2.704921617999908046e-01 -2.117594413890676874e-01
4.699999999999999734e-01 -2.897063866372832641e-01 -3.349051729202922045e-01 -2.647549989231114398e-01
4.799999999999999822e-01 -3.489484188530616593e-01 -4.028242155380590273e-01 -3.169451340316692955e-01
4.899999999999999911e-01 -4.019384586212996213e-01 -4.695342398508008941e-01 -3.644582455166228141e-01
